

               5 │           5      
               6 │ 2     3  
              12 │ 2 2   3  
              15 │       3   5      
              18 │ 2     3 3
              21 │       3           7
              22 │ 2                   11
              24 │ 2 2 2 3  
              25 │           5 5    
              26 │ 2                      13
              30 │ 2     3   5      
              39 │       3                13
              65 │           5            13
             123 │       3                   41
             143 │                     11 13
             154 │ 2                 7 11
             195 │       3   5            13
             226 │ 2                            113
             231 │       3           7 11
             462 │ 2     3           7 11
             625 │           5 5 5 5
             715 │           5         11 13
             997 │                                  997
            1430 │ 2         5         11 13
            2310 │ 2     3   5       7 11
 ────────────────┼─────────────────────────────────────
 208067404545000 │ 2 2 2 3 3 5 5 5 5 7 11 13 41 113 997


